47 14
8 6 8 15 14
8 6 8 1 14 14
8 18 6 10 14
9 16 15 11 2
9 6 9 12 14 2
5 6 7 11 14 2
3 5 9 11 15 3
3 6 7 10 16 3
1 2 4 10 1 21
2 2 19 5 4 9
2 3 13 7 4 10
2 3 12 7 15
1 1 1 5 22 2
2 1 4 22 2
1 1 2 5 20
2 1 2 3 20
2 1 1 5 13
2 1 1 1 4 7
2 2 1 1 1 2 7
2 1 1 7
2 1 7
1 1 2 2 1 9
2 1 2 1 1 1 2 1 5
2 1 3 1 6 1 7 5
2 7 1 1 25
2 42
2 7 32
1 9 32
58
1 8 3 12 5 4 7 5
1 6 17 2 5 1 1 5
2 4 8 2 1 3 6 4 4
2 1 1 4 3 1 4 5 2
8 3 4 1 2 1
2
1 1
0
0
1 2
2 1 3 5
1 3 1 5
1 1 1 4 1 4
1 3 9 1 3
5 9 1
4 3 9 1
2 2 3 1 7 1 3 1
2 3 1 6 2
2 1 9
1 1 12
4 1 4 11
4 4 4 1 11
4 1 4 1 8 10
1 1 3 13 9 10
1 11 13 9 1 10
12 13 11 1 10
12 14 13 10
11 15 13 10
11 17 12 4
10 17 3 12 5
10 18 2 11 6
7 2 1 16 2 2 1 2 6
7 20 1 2 3
6 1 21 5 1 1
#
13 12 1 2 14
9 12 5 3 4 3 9
9 1 1 6 3 9
7 2 2 14
7 1 1 10
6 10
6 3 1 1 1 9
6 1 1 1 1 7
1 2 2 1 8
1 1 2 1 1 8 1
1 1 2 1 3 1 5
9 3 4
9 5 2
9 4 2 2
11 4 1 3
6 3 5 1 4
6 1 1 1 7
1 2 1 1 8
1 3 1 6 2 12
1 6 6 1 2 11
9 7 2 1 11
9 3 4 14
13 9 2 1 13
13 8 1 13
15 10 12
11 11 11
6 1 10 1 11
4 2 10 11
1 6 1 2 4 11
1 6 1 3 11
1 2 8 1 3 1 4 6
1 1 9 2 1 6 3
2 14 1 8 1 2
16 6 2
14 6 5
13 8 3 1 5
3 9 1 4 2 1 1
13 2 5 2
8 6 9 1 3
7 8 10 1 1 1 8
7 2 4 7 1 2 3 10
7 6 7 5 11
6 4 1 6 5 10
6 7 6 4 8 9
5 11 11 8 10
18 2 9 7 1 10
18 9 5 10
13 11 5 8
5 7 5 1 2 6
13 6 1 9
17 8 5 1
21 8 1 7 1
19 8 1 1 3
10 8 7 2 3 3
10 9 7 1 1 9
18 1 9 11
18 8 1 12
23 5 13 3
23 5 12 3
5 24 3 1 11 4
4 4 18 4 15
4 6 18 4 14
33 1 4 16
32 5 14 1
